for use with https://tyleretters.github.io/GridStation/

config page:
16 8 #bbbbbb #fcb400 #ffffff #000000 20 20 4 1 1
0 0 0 0 0 0 0 0 0 0 0 0 0 0 0 0 
f 0 0 0 0 0 0 0 0 0 0 0 0 0 0 0 
f 3 3 3 3 3 3 3 3 3 3 3 0 2 f 2 
f 0 0 0 0 0 0 0 0 0 0 0 0 0 0 0 
f 0 0 0 0 0 0 0 0 0 0 0 0 0 0 0 
4 4 4 4 4 4 4 4 4 4 0 1 2 f 4 5 
3 3 3 3 3 3 3 3 3 3 0 0 0 4 0 f 
0 0 0 0 0 0 0 0 0 0 0 0 0 0 0 0 

enter config:
16 16 #bbbbbb #fcb400 #ffffff #000000 20 20 4 1 1
0 0 0 0 0 0 0 0 0 0 0 0 0 0 0 f 
0 0 0 0 0 0 0 0 0 0 0 0 0 0 0 0 
0 0 0 0 0 0 0 0 0 0 0 0 0 0 0 0 
0 0 0 0 0 0 0 0 0 0 0 0 0 0 0 0 
0 0 0 0 0 0 0 0 0 0 0 0 0 0 0 0 
0 0 0 0 0 0 0 0 0 0 0 0 0 0 0 0 
0 0 0 0 0 0 0 0 0 0 0 0 0 0 0 0 
0 0 0 0 0 0 0 0 0 0 0 0 0 0 0 0 
0 0 0 0 0 0 0 0 0 0 0 0 0 0 0 0 
0 0 0 0 0 0 0 0 0 0 0 0 0 0 0 0 
0 0 0 0 0 0 0 0 0 0 0 0 0 0 0 0 
0 0 0 0 0 0 0 0 0 0 0 0 0 0 0 0 
0 0 0 0 0 0 0 0 0 0 0 0 0 0 0 0 
0 0 0 0 0 0 0 0 0 0 0 0 0 0 0 0 
0 0 0 0 0 0 0 0 0 0 0 0 0 0 0 0 
f 0 0 0 0 0 0 0 0 0 0 0 0 0 0 0 
